1 18366913315675068428 15100280697627056223

1 15324144029614608210 1354902492245310018

1 6433953816498421877 8522925269376359190

2 6433953816498421877 8522925269376359190

2 8522925269376359190 6433953816498421877

1 1483109002544269874 4401772761536267275

1 4286167754742942425 1483109002544269874

1 4286167754742942425 4401772761536267275

1 4286167754742942425 9336350667799232145

1 9336350667799232145 1483109002544269874

1 9336350667799232145 4401772761536267275

2 1483109002544269874 4286167754742942425

2 1483109002544269874 9336350667799232145

2 4286167754742942425 1483109002544269874

2 4286167754742942425 9336350667799232145

2 9336350667799232145 1483109002544269874

2 9336350667799232145 4286167754742942425

1 15566146124031631351 291838731828898348

2 291838731828898348 15566146124031631351

2 15566146124031631351 291838731828898348

1 6433953816498421877 6767944883266292995

2 6433953816498421877 6767944883266292995

2 6767944883266292995 6433953816498421877

1 11352503621264113625 13270879090196740344

1 1906007603490302773 3616875786284045481

1 1906007603490302773 13270879090196740344

1 1906007603490302773 15385574996944148382

1 3616875786284045481 13270879090196740344

1 15385574996944148382 3616875786284045481

1 15385574996944148382 13270879090196740344

2 1906007603490302773 3616875786284045481

2 1906007603490302773 15385574996944148382

2 3616875786284045481 1906007603490302773

2 3616875786284045481 15385574996944148382

2 15385574996944148382 1906007603490302773

2 15385574996944148382 3616875786284045481

1 15316516869194021132 11352503621264113625

1 15316516869194021132 13270879090196740344

2 11352503621264113625 15316516869194021132

2 15316516869194021132 11352503621264113625

