1 8588857301678352144 279860313021904512

1 14952840915264782052 279860313021904512

1 18366913315675068428 15100280697627056223

1 11498880196017507432 279860313021904512

1 11498880196017507432 8588857301678352144

1 13285531778172971012 279860313021904512

1 13285531778172971012 8588857301678352144

1 13285531778172971012 11498880196017507432

1 2452492811151133397 279860313021904512

1 4105799004165331590 279860313021904512

1 7330397259435172400 279860313021904512

2 279860313021904512 4105799004165331590

2 4105799004165331590 279860313021904512

1 3244870961091414606 279860313021904512

1 5545463505096456931 279860313021904512

1 1168189753110657328 279860313021904512

1 3142002303527003122 279860313021904512

1 5730665691086568073 279860313021904512

1 986328413921774945 279860313021904512

1 18223379450546575019 18249858196329817117

2 18223379450546575019 18249858196329817117

2 18249858196329817117 18223379450546575019

1 7906867222501044154 279860313021904512

1 7906867222501044154 14952840915264782052

1 9767264815524689928 279860313021904512

1 1062172322090234003 279860313021904512

1 1062172322090234003 986328413921774945

1 1062172322090234003 11770039924742655246

1 11770039924742655246 279860313021904512

1 11770039924742655246 986328413921774945

1 11659152097654728014 279860313021904512

1 11659152097654728014 13575133540326201125

1 13575133540326201125 279860313021904512

1 6591602659395506485 12825694974768407738

1 14887481190061744242 12825694974768407738

2 12825694974768407738 14887481190061744242

2 14887481190061744242 12825694974768407738

1 4276728141745329174 279860313021904512

1 10608645224863544889 279860313021904512

1 6852182616720016975 279860313021904512

1 12438576233613071276 4912153715889608134

2 4912153715889608134 12438576233613071276

2 12438576233613071276 4912153715889608134

1 8612270712803094914 4912153715889608134

2 4912153715889608134 8612270712803094914

2 8612270712803094914 4912153715889608134

