1 652674347890494380 1367063293891423792

1 3846233261484411400 652674347890494380

1 3846233261484411400 1367063293891423792

2 652674347890494380 3846233261484411400

2 3846233261484411400 652674347890494380

1 13311524282988903018 652674347890494380

1 13311524282988903018 1367063293891423792

2 652674347890494380 13311524282988903018

2 13311524282988903018 652674347890494380

1 4953514225632764897 1367063293891423792

1 4953514225632764897 6169914431061555410

1 4953514225632764897 6447986821163400200

1 6169914431061555410 1367063293891423792

1 6169914431061555410 6447986821163400200

2 4953514225632764897 6169914431061555410

2 6169914431061555410 4953514225632764897

1 8409554219367177318 652674347890494380

1 8409554219367177318 1367063293891423792

2 652674347890494380 8409554219367177318

2 8409554219367177318 652674347890494380

1 6389523271156646419 1367063293891423792

1 6389523271156646419 6447986821163400200

1 12516382105721995726 652674347890494380

1 12516382105721995726 1367063293891423792

2 652674347890494380 12516382105721995726

2 12516382105721995726 652674347890494380

1 1020574407190293952 1367063293891423792

1 1020574407190293952 6169914431061555410

1 1020574407190293952 6447986821163400200

1 2845254596213781299 1367063293891423792

1 1116666455649672456 1367063293891423792

1 1910541359731233250 1367063293891423792

1 3764025167080094124 1367063293891423792

1 3764025167080094124 6889848466504587600

1 5110327696520525737 1367063293891423792

1 6889848466504587600 1367063293891423792

2 3764025167080094124 6889848466504587600

2 6889848466504587600 3764025167080094124

1 3744316082568066145 1020574407190293952

1 3744316082568066145 1367063293891423792

1 3744316082568066145 6169914431061555410

1 3744316082568066145 6447986821163400200

2 1020574407190293952 3744316082568066145

2 3744316082568066145 1020574407190293952

1 12735676453140853553 1367063293891423792

1 12735676453140853553 6169914431061555410

1 12735676453140853553 6447986821163400200

1 2231036007178802962 1367063293891423792

1 2231036007178802962 6447986821163400200

1 9794282999806697467 1367063293891423792

1 9794282999806697467 2231036007178802962

1 9794282999806697467 6447986821163400200

1 17625003114333071281 1367063293891423792

1 8578758893280043079 652674347890494380

1 8578758893280043079 1367063293891423792

2 652674347890494380 8578758893280043079

2 8578758893280043079 652674347890494380

1 7063449558835103629 652674347890494380

1 7063449558835103629 1367063293891423792

2 652674347890494380 7063449558835103629

2 7063449558835103629 652674347890494380

1 11804572406513235881 652674347890494380

1 11804572406513235881 1367063293891423792

2 652674347890494380 11804572406513235881

2 11804572406513235881 652674347890494380

1 13347870187742732782 1367063293891423792

1 881810427387731500 1367063293891423792

1 881810427387731500 14728655980381181468

1 881810427387731500 15627846121108550906

1 11728421559940555644 881810427387731500

1 11728421559940555644 1367063293891423792

1 11728421559940555644 14728655980381181468

1 11728421559940555644 15627846121108550906

1 14728655980381181468 1367063293891423792

1 14728655980381181468 15627846121108550906

1 15627846121108550906 1367063293891423792

2 14728655980381181468 15627846121108550906

2 15627846121108550906 14728655980381181468

1 477968593211432294 881810427387731500

1 477968593211432294 1367063293891423792

1 477968593211432294 14728655980381181468

1 477968593211432294 15627846121108550906

1 7918067711860777868 477968593211432294

1 7918067711860777868 881810427387731500

1 7918067711860777868 1367063293891423792

1 7918067711860777868 14728655980381181468

1 7918067711860777868 15627846121108550906

1 9328854939983499978 477968593211432294

1 9328854939983499978 881810427387731500

1 9328854939983499978 1367063293891423792

1 9328854939983499978 7918067711860777868

1 9328854939983499978 14728655980381181468

1 9328854939983499978 15627846121108550906

1 4962706956002555614 477968593211432294

1 4962706956002555614 881810427387731500

1 4962706956002555614 1367063293891423792

1 4962706956002555614 9343144865032913485

1 4962706956002555614 14728655980381181468

1 4962706956002555614 15627846121108550906

1 9343144865032913485 477968593211432294

1 9343144865032913485 881810427387731500

1 9343144865032913485 1367063293891423792

1 9343144865032913485 14728655980381181468

1 9343144865032913485 15627846121108550906

2 4962706956002555614 9343144865032913485

2 9343144865032913485 4962706956002555614

1 7792582237728607173 1367063293891423792

1 7792582237728607173 16810377035334184917

1 16810377035334184917 1367063293891423792

1 13347794515706385936 652674347890494380

1 13347794515706385936 1367063293891423792

2 652674347890494380 13347794515706385936

2 13347794515706385936 652674347890494380

1 7711370350684917992 1367063293891423792

1 7711370350684917992 14150373109094922170

1 14150373109094922170 1367063293891423792

2 7711370350684917992 14150373109094922170

2 14150373109094922170 7711370350684917992

1 8935582692373995453 652674347890494380

1 8935582692373995453 1367063293891423792

2 652674347890494380 8935582692373995453

2 8935582692373995453 652674347890494380

1 5691987243661886347 1367063293891423792

1 623045583089216721 1367063293891423792

1 8643064423347946155 1367063293891423792

1 11527519429148498621 1367063293891423792

1 7949447354843720159 15993924913781412663

1 7949447354843720159 17749532835510362820

1 17749532835510362820 15993924913781412663

2 7949447354843720159 15993924913781412663

2 7949447354843720159 17749532835510362820

2 15993924913781412663 7949447354843720159

2 15993924913781412663 17749532835510362820

2 17749532835510362820 7949447354843720159

2 17749532835510362820 15993924913781412663

1 2187584314401735005 15993924913781412663

1 3995072408952746076 15993924913781412663

1 4755448208451700906 15993924913781412663

1 7070789132461563370 7949447354843720159

1 7070789132461563370 15993924913781412663

1 7070789132461563370 17749532835510362820

1 13313357711157191726 2187584314401735005

1 13313357711157191726 15993924913781412663

1 14717940199985913348 4755448208451700906

1 14717940199985913348 15993924913781412663

2 2187584314401735005 15993924913781412663

2 3995072408952746076 15993924913781412663

2 4755448208451700906 15993924913781412663

2 15993924913781412663 2187584314401735005

2 15993924913781412663 3995072408952746076

2 15993924913781412663 4755448208451700906

1 7901329642642431172 3995072408952746076

1 7901329642642431172 15993924913781412663

1 8381036403638425398 1367063293891423792

1 8381036403638425398 1677658810876465676

1 8381036403638425398 9685665704669723540

1 8381036403638425398 15993924913781412663

1 8381036403638425398 16004799390536946090

1 8381036403638425398 17309970751962678762

1 16004799390536946090 1677658810876465676

1 16004799390536946090 9685665704669723540

1 16004799390536946090 15993924913781412663

1 16004799390536946090 17309970751962678762

1 9528728040356317256 15993924913781412663

1 9528728040356317256 18174732886454685561

1 18174732886454685561 15993924913781412663

2 15993924913781412663 18174732886454685561

2 18174732886454685561 15993924913781412663

1 5568306601331525243 12624148244156920842

1 5568306601331525243 15993924913781412663

1 12624148244156920842 15993924913781412663

2 12624148244156920842 15993924913781412663

2 15993924913781412663 12624148244156920842

1 6194585846075089478 15055695498724362656

1 6194585846075089478 15993924913781412663

1 15055695498724362656 15993924913781412663

2 15055695498724362656 15993924913781412663

2 15993924913781412663 15055695498724362656

1 4018020155524840855 14878482372227425258

1 4018020155524840855 15993924913781412663

1 14878482372227425258 15993924913781412663

2 14878482372227425258 15993924913781412663

2 15993924913781412663 14878482372227425258

1 7800565344985790489 652674347890494380

1 7800565344985790489 1367063293891423792

2 652674347890494380 7800565344985790489

2 7800565344985790489 652674347890494380

1 5202696496664280447 652674347890494380

1 5202696496664280447 1367063293891423792

2 652674347890494380 5202696496664280447

2 5202696496664280447 652674347890494380

1 17962019201522376717 881810427387731500

1 17962019201522376717 1367063293891423792

1 17962019201522376717 11728421559940555644

1 17962019201522376717 14728655980381181468

1 17962019201522376717 15627846121108550906

1 9797387913939934884 1020574407190293952

1 9797387913939934884 1367063293891423792

1 9797387913939934884 6169914431061555410

1 9797387913939934884 6447986821163400200

2 1020574407190293952 9797387913939934884

2 9797387913939934884 1020574407190293952

1 3738129312018238654 477968593211432294

1 3738129312018238654 881810427387731500

1 3738129312018238654 1367063293891423792

1 3738129312018238654 4962706956002555614

1 3738129312018238654 9343144865032913485

1 3738129312018238654 14728655980381181468

1 3738129312018238654 15627846121108550906

2 3738129312018238654 4962706956002555614

2 3738129312018238654 9343144865032913485

2 4962706956002555614 3738129312018238654

2 9343144865032913485 3738129312018238654

1 12941133625578486736 1367063293891423792

1 12941133625578486736 6169914431061555410

1 12941133625578486736 6447986821163400200

2 6169914431061555410 12941133625578486736

2 12941133625578486736 6169914431061555410

1 6105595392835600777 1367063293891423792

1 5076560904857003672 477968593211432294

1 5076560904857003672 881810427387731500

1 5076560904857003672 1367063293891423792

1 5076560904857003672 9343144865032913485

1 5076560904857003672 14728655980381181468

1 5076560904857003672 15627846121108550906

2 5076560904857003672 9343144865032913485

2 9343144865032913485 5076560904857003672

1 14334156104258227283 1367063293891423792

1 14334156104258227283 6447986821163400200

1 14388278199422587470 7081390017784307046

1 6707684256010136550 15488554430552216338

1 9292396166140331467 6707684256010136550

1 9292396166140331467 15488554430552216338

1 1425588453491147738 9528728040356317256

1 1425588453491147738 15993924913781412663

1 1425588453491147738 18174732886454685561

1 11086759301013354997 1367063293891423792

1 11086759301013354997 6447986821163400200

1 13216751650108740863 1367063293891423792

1 13216751650108740863 6447986821163400200

1 13216751650108740863 11086759301013354997

1 6915285384313485398 1367063293891423792

1 6915285384313485398 6447986821163400200

1 6915285384313485398 12065206858185091600

1 12065206858185091600 1367063293891423792

1 12065206858185091600 6447986821163400200

1 12876774733878852890 1367063293891423792

1 11827462005146162409 1367063293891423792

1 11827462005146162409 15309642225804731445

1 15309642225804731445 1367063293891423792

1 9034618073443545463 1367063293891423792

1 9034618073443545463 15309642225804731445

1 10239609180811542132 1367063293891423792

1 10239609180811542132 15309642225804731445

1 13967538620410341938 1367063293891423792

1 13967538620410341938 15309642225804731445

1 10934299465741892226 1367063293891423792

1 10934299465741892226 6447986821163400200

1 15134778341855927443 1367063293891423792

1 759315854230511862 1367063293891423792

1 5673457873572131435 1367063293891423792

1 11237461356422236269 1367063293891423792

1 12270431082808466587 759315854230511862

1 12270431082808466587 1367063293891423792

1 16711073457971844898 1367063293891423792

1 16711073457971844898 14150373109094922170

1 17868762630153395341 759315854230511862

1 17868762630153395341 1367063293891423792

2 14150373109094922170 16711073457971844898

2 16711073457971844898 14150373109094922170

1 1593610190498702331 759315854230511862

1 1593610190498702331 1367063293891423792

1 6833812777230002383 759315854230511862

1 6833812777230002383 1367063293891423792

1 1724021913958731914 1367063293891423792

1 1724021913958731914 6447986821163400200

1 1724021913958731914 8783141968659457935

1 8783141968659457935 1367063293891423792

1 8783141968659457935 6447986821163400200

2 6447986821163400200 8783141968659457935

2 8783141968659457935 6447986821163400200

1 1467575103695954060 1367063293891423792

1 1467575103695954060 6447986821163400200

1 1671315067703446052 1367063293891423792

1 1671315067703446052 6447986821163400200

1 7516301616233125205 1367063293891423792

1 7516301616233125205 1467575103695954060

1 7516301616233125205 6447986821163400200

1 14360186716491573840 1367063293891423792

1 14360186716491573840 1671315067703446052

1 14360186716491573840 6447986821163400200

2 1467575103695954060 7516301616233125205

2 7516301616233125205 1467575103695954060

1 1589588258919298911 1367063293891423792

1 7988453105771462717 1367063293891423792

1 7988453105771462717 14150373109094922170

1 14645350040914498243 1367063293891423792

1 14645350040914498243 17507275086497369107

1 17507275086497369107 1367063293891423792

2 7988453105771462717 14150373109094922170

2 14150373109094922170 7988453105771462717

1 5773087962074392575 7949447354843720159

1 5773087962074392575 15993924913781412663

1 5773087962074392575 17749532835510362820

1 9780850125518538893 5773087962074392575

1 9780850125518538893 7949447354843720159

1 9780850125518538893 15993924913781412663

1 9780850125518538893 17749532835510362820

2 5773087962074392575 7949447354843720159

2 5773087962074392575 15993924913781412663

2 5773087962074392575 17749532835510362820

2 7949447354843720159 5773087962074392575

2 15993924913781412663 5773087962074392575

2 17749532835510362820 5773087962074392575

1 12801332050339848128 1367063293891423792

1 12801332050339848128 14842752240568497960

1 14842752240568497960 1367063293891423792

1 16955321831572539200 1367063293891423792

1 16955321831572539200 14842752240568497960

2 12801332050339848128 14842752240568497960

2 14842752240568497960 12801332050339848128

1 4812628174063639873 652674347890494380

1 4812628174063639873 1367063293891423792

2 652674347890494380 4812628174063639873

2 4812628174063639873 652674347890494380

1 11981502529181710803 1367063293891423792

1 18398410219019156479 1367063293891423792

1 18398410219019156479 14842752240568497960

1 980733010804826881 15993924913781412663

1 980733010804826881 17749532835510362820

1 12295522326493603990 980733010804826881

1 12295522326493603990 15993924913781412663

1 12295522326493603990 17749532835510362820

2 980733010804826881 15993924913781412663

2 980733010804826881 17749532835510362820

2 15993924913781412663 980733010804826881

2 17749532835510362820 980733010804826881

1 2461859046416458165 15993924913781412663

1 2461859046416458165 16314532511821465275

1 16314532511821465275 15993924913781412663

2 15993924913781412663 16314532511821465275

2 16314532511821465275 15993924913781412663

1 15570368304305643047 13034384510383042698

1 2826388669316818940 229397069325143154

1 3499596589932401131 3995072408952746076

1 3499596589932401131 7901329642642431172

1 3499596589932401131 15993924913781412663

1 162103278909164347 3499596589932401131

1 162103278909164347 3995072408952746076

1 162103278909164347 7901329642642431172

1 162103278909164347 15993924913781412663

1 7459474576902967973 17646158683245131772

1 7847082018991511339 14679823339177979296

1 7116808498390726745 1367063293891423792

1 956027884878115027 5151350792194435432

1 694212158006085446 1367063293891423792

1 9171665260451241259 1367063293891423792

1 12428725289842125861 1367063293891423792

1 9030255630010093486 1367063293891423792

1 5759321374862225799 652305848521489587

1 5759321374862225799 1367063293891423792

1 5759321374862225799 3553015908910856773

1 5759321374862225799 8617490876989075407

1 5759321374862225799 14879717825222611287

1 6210167578887677068 652305848521489587

1 6210167578887677068 1367063293891423792

1 6210167578887677068 3553015908910856773

1 6210167578887677068 3749143734549928029

1 6210167578887677068 5759321374862225799

1 6210167578887677068 8617490876989075407

1 6210167578887677068 14879717825222611287

1 2528135428356545072 1367063293891423792

1 2528135428356545072 6225834419919291542

1 3691720296457380885 1367063293891423792

1 12752992420943816603 1367063293891423792

1 889125608225586998 477968593211432294

1 889125608225586998 881810427387731500

1 889125608225586998 1367063293891423792

1 889125608225586998 7918067711860777868

1 889125608225586998 14728655980381181468

1 889125608225586998 15627846121108550906

1 2439581870085844262 1367063293891423792

1 8362859397288136882 477968593211432294

1 8362859397288136882 881810427387731500

1 8362859397288136882 1367063293891423792

1 8362859397288136882 7918067711860777868

1 8362859397288136882 14728655980381181468

1 8362859397288136882 15627846121108550906

1 12090974448406341036 477968593211432294

1 12090974448406341036 881810427387731500

1 12090974448406341036 1367063293891423792

1 12090974448406341036 7918067711860777868

1 12090974448406341036 14728655980381181468

1 12090974448406341036 15627846121108550906

1 16261258633566447221 477968593211432294

1 16261258633566447221 881810427387731500

1 16261258633566447221 1367063293891423792

1 16261258633566447221 7918067711860777868

1 16261258633566447221 14728655980381181468

1 16261258633566447221 15627846121108550906

1 5754266860869358999 881810427387731500

1 5754266860869358999 1367063293891423792

1 5754266860869358999 14728655980381181468

1 5754266860869358999 15627846121108550906

1 17177141960002405652 1367063293891423792

1 11279315347242139266 652674347890494380

1 11279315347242139266 1367063293891423792

2 652674347890494380 11279315347242139266

2 11279315347242139266 652674347890494380

1 4539046850856494063 477968593211432294

1 4539046850856494063 881810427387731500

1 4539046850856494063 1367063293891423792

1 4539046850856494063 14728655980381181468

1 4539046850856494063 15627846121108550906

1 15927973653779942852 477968593211432294

1 15927973653779942852 881810427387731500

1 15927973653779942852 1367063293891423792

1 15927973653779942852 14728655980381181468

1 15927973653779942852 15627846121108550906

1 5496522892614028730 1367063293891423792

1 13913891940667687039 1367063293891423792

1 13913891940667687039 6447986821163400200

1 13913891940667687039 12065206858185091600

1 18416536233908748162 787075835677237181

1 18416536233908748162 1367063293891423792

1 5306367733348374913 1367063293891423792

1 5306367733348374913 6447986821163400200

1 5306367733348374913 11086759301013354997

1 14793734213481933045 1367063293891423792

1 14793734213481933045 1467575103695954060

1 14793734213481933045 6447986821163400200

1 14793734213481933045 7516301616233125205

1 4936660453270474944 1367063293891423792

1 4936660453270474944 6169914431061555410

1 4936660453270474944 6287226758101379325

1 4936660453270474944 6447986821163400200

1 4936660453270474944 12735676453140853553

1 6287226758101379325 1367063293891423792

1 6287226758101379325 6169914431061555410

1 6287226758101379325 6447986821163400200

1 6287226758101379325 12735676453140853553

2 4936660453270474944 6287226758101379325

2 4936660453270474944 12735676453140853553

2 6287226758101379325 4936660453270474944

2 6287226758101379325 12735676453140853553

2 12735676453140853553 4936660453270474944

2 12735676453140853553 6287226758101379325

1 7391518044456453611 1367063293891423792

1 7391518044456453611 6447986821163400200

1 7904697450284488783 1367063293891423792

1 7904697450284488783 6447986821163400200

1 7904697450284488783 7391518044456453611

2 6447986821163400200 7391518044456453611

2 7391518044456453611 6447986821163400200

1 4624394053434865839 1367063293891423792

1 4624394053434865839 6447986821163400200

1 14508706880733068813 1367063293891423792

1 14508706880733068813 6447986821163400200

1 3410626224221603841 1020574407190293952

1 3410626224221603841 1367063293891423792

1 3410626224221603841 6169914431061555410

1 3410626224221603841 6447986821163400200

2 1020574407190293952 3410626224221603841

2 3410626224221603841 1020574407190293952

1 14252888401345453664 1020574407190293952

1 14252888401345453664 1367063293891423792

1 14252888401345453664 6169914431061555410

1 14252888401345453664 6447986821163400200

2 1020574407190293952 14252888401345453664

2 14252888401345453664 1020574407190293952

1 13353769976825198885 1020574407190293952

1 13353769976825198885 1367063293891423792

1 13353769976825198885 3410626224221603841

1 13353769976825198885 6169914431061555410

1 13353769976825198885 6447986821163400200

2 1020574407190293952 13353769976825198885

2 3410626224221603841 13353769976825198885

2 13353769976825198885 1020574407190293952

2 13353769976825198885 3410626224221603841

1 12538514933037405274 1020574407190293952

1 12538514933037405274 1367063293891423792

1 12538514933037405274 3410626224221603841

1 12538514933037405274 6169914431061555410

1 12538514933037405274 6447986821163400200

2 1020574407190293952 12538514933037405274

2 3410626224221603841 12538514933037405274

2 12538514933037405274 1020574407190293952

2 12538514933037405274 3410626224221603841

1 11929213390771381406 1367063293891423792

1 11929213390771381406 6169914431061555410

1 11929213390771381406 6447986821163400200

1 11929213390771381406 12735676453140853553

1 11929213390771381406 14188861689611714050

1 14188861689611714050 1367063293891423792

1 14188861689611714050 6169914431061555410

1 14188861689611714050 6447986821163400200

1 14188861689611714050 12735676453140853553

2 11929213390771381406 12735676453140853553

2 11929213390771381406 14188861689611714050

2 12735676453140853553 11929213390771381406

2 12735676453140853553 14188861689611714050

2 14188861689611714050 11929213390771381406

2 14188861689611714050 12735676453140853553

1 7793334381620199255 1367063293891423792

1 7793334381620199255 6169914431061555410

1 7793334381620199255 6447986821163400200

1 7793334381620199255 12735676453140853553

1 7793334381620199255 14188861689611714050

2 7793334381620199255 12735676453140853553

2 7793334381620199255 14188861689611714050

2 12735676453140853553 7793334381620199255

2 14188861689611714050 7793334381620199255

1 2064714489130273076 1367063293891423792

1 2064714489130273076 6169914431061555410

1 2064714489130273076 6447986821163400200

1 2064714489130273076 12735676453140853553

1 2064714489130273076 14188861689611714050

1 438925585284027067 1020574407190293952

1 438925585284027067 1367063293891423792

1 438925585284027067 6169914431061555410

1 438925585284027067 6447986821163400200

2 438925585284027067 1020574407190293952

2 1020574407190293952 438925585284027067

1 8298875586240245649 1367063293891423792

1 8298875586240245649 6169914431061555410

1 8298875586240245649 6287226758101379325

1 8298875586240245649 6447986821163400200

1 8298875586240245649 12735676453140853553

2 6287226758101379325 8298875586240245649

2 8298875586240245649 6287226758101379325

2 8298875586240245649 12735676453140853553

2 12735676453140853553 8298875586240245649

1 9817456175223599805 1367063293891423792

1 9817456175223599805 6169914431061555410

1 9817456175223599805 6287226758101379325

1 9817456175223599805 6447986821163400200

1 9817456175223599805 12735676453140853553

2 6287226758101379325 9817456175223599805

2 9817456175223599805 6287226758101379325

2 9817456175223599805 12735676453140853553

2 12735676453140853553 9817456175223599805

1 13589503928803515144 1367063293891423792

1 13589503928803515144 6169914431061555410

1 13589503928803515144 6287226758101379325

1 13589503928803515144 6447986821163400200

1 13589503928803515144 12735676453140853553

2 6287226758101379325 13589503928803515144

2 12735676453140853553 13589503928803515144

2 13589503928803515144 6287226758101379325

2 13589503928803515144 12735676453140853553

1 7424625494707457582 1367063293891423792

1 7424625494707457582 6169914431061555410

1 7424625494707457582 6287226758101379325

1 7424625494707457582 6447986821163400200

1 7424625494707457582 12735676453140853553

2 6287226758101379325 7424625494707457582

2 7424625494707457582 6287226758101379325

2 7424625494707457582 12735676453140853553

2 12735676453140853553 7424625494707457582

1 4782391668770496112 1367063293891423792

1 4782391668770496112 6169914431061555410

1 4782391668770496112 6287226758101379325

1 4782391668770496112 6447986821163400200

1 4782391668770496112 12735676453140853553

2 4782391668770496112 6287226758101379325

2 4782391668770496112 12735676453140853553

2 6287226758101379325 4782391668770496112

2 12735676453140853553 4782391668770496112

1 3641493249096801719 1367063293891423792

1 3641493249096801719 6169914431061555410

1 3641493249096801719 6287226758101379325

1 3641493249096801719 6447986821163400200

1 3641493249096801719 12735676453140853553

2 3641493249096801719 6287226758101379325

2 3641493249096801719 12735676453140853553

2 6287226758101379325 3641493249096801719

2 12735676453140853553 3641493249096801719

1 16932958626251339983 1367063293891423792

1 16932958626251339983 6169914431061555410

1 16932958626251339983 6287226758101379325

1 16932958626251339983 6447986821163400200

1 16932958626251339983 12735676453140853553

2 6287226758101379325 16932958626251339983

2 12735676453140853553 16932958626251339983

2 16932958626251339983 6287226758101379325

2 16932958626251339983 12735676453140853553

1 13388096314661288491 1367063293891423792

1 13388096314661288491 6169914431061555410

1 13388096314661288491 6287226758101379325

1 13388096314661288491 6447986821163400200

1 13388096314661288491 12735676453140853553

2 6287226758101379325 13388096314661288491

2 12735676453140853553 13388096314661288491

2 13388096314661288491 6287226758101379325

2 13388096314661288491 12735676453140853553

1 3874057017914190644 1020574407190293952

1 3874057017914190644 1367063293891423792

1 3874057017914190644 3410626224221603841

1 3874057017914190644 6169914431061555410

1 3874057017914190644 6447986821163400200

2 1020574407190293952 3874057017914190644

2 3410626224221603841 3874057017914190644

2 3874057017914190644 1020574407190293952

2 3874057017914190644 3410626224221603841

1 827743476333266784 1020574407190293952

1 827743476333266784 1367063293891423792

1 827743476333266784 3410626224221603841

1 827743476333266784 6169914431061555410

1 827743476333266784 6447986821163400200

2 827743476333266784 1020574407190293952

2 827743476333266784 3410626224221603841

2 1020574407190293952 827743476333266784

2 3410626224221603841 827743476333266784

1 15250749034073018655 1020574407190293952

1 15250749034073018655 1367063293891423792

1 15250749034073018655 3410626224221603841

1 15250749034073018655 6169914431061555410

1 15250749034073018655 6447986821163400200

2 1020574407190293952 15250749034073018655

2 3410626224221603841 15250749034073018655

2 15250749034073018655 1020574407190293952

2 15250749034073018655 3410626224221603841

1 13572917923029037455 1020574407190293952

1 13572917923029037455 1367063293891423792

1 13572917923029037455 6169914431061555410

1 13572917923029037455 6447986821163400200

2 1020574407190293952 13572917923029037455

2 13572917923029037455 1020574407190293952

1 15109676282104273012 1020574407190293952

1 15109676282104273012 1367063293891423792

1 15109676282104273012 6169914431061555410

1 15109676282104273012 6447986821163400200

1 15727774537052672666 1367063293891423792

1 15727774537052672666 6169914431061555410

1 15727774537052672666 6447986821163400200

1 16395729417619735686 1367063293891423792

1 16395729417619735686 6447986821163400200

1 435594643385427553 1367063293891423792

1 16182805664281977240 1367063293891423792

1 16182805664281977240 6447986821163400200

1 16182805664281977240 7391518044456453611

1 16286785044086064586 477968593211432294

1 16286785044086064586 881810427387731500

1 16286785044086064586 1367063293891423792

1 16286785044086064586 7918067711860777868

1 16286785044086064586 14728655980381181468

1 16286785044086064586 15627846121108550906

2 7918067711860777868 16286785044086064586

2 16286785044086064586 7918067711860777868

1 1737661629754585202 1367063293891423792

1 7802768833540725268 1367063293891423792

1 7802768833540725268 15627846121108550906

1 5699814604223901224 1367063293891423792

1 5699814604223901224 15627846121108550906

1 15616900308600656664 1367063293891423792

1 15616900308600656664 14728655980381181468

1 15616900308600656664 15627846121108550906

1 3524358275022213251 477968593211432294

1 3524358275022213251 881810427387731500

1 3524358275022213251 1367063293891423792

1 3524358275022213251 7918067711860777868

1 3524358275022213251 9328854939983499978

1 3524358275022213251 14728655980381181468

1 3524358275022213251 15627846121108550906

1 11159848657167045222 1367063293891423792

1 11159848657167045222 15627846121108550906

1 5801616097053640164 1367063293891423792

1 5801616097053640164 6447986821163400200

1 5801616097053640164 7391518044456453611

1 7511890086682622561 1367063293891423792

1 7511890086682622561 5801616097053640164

1 7511890086682622561 6447986821163400200

1 7511890086682622561 7391518044456453611

2 5801616097053640164 7511890086682622561

2 7511890086682622561 5801616097053640164

1 1466605401740111099 1367063293891423792

1 7024892021210396848 881810427387731500

1 7024892021210396848 1367063293891423792

1 7024892021210396848 14728655980381181468

1 7024892021210396848 15627846121108550906

1 317715730986644235 1367063293891423792

1 317715730986644235 6889848466504587600

2 317715730986644235 6889848466504587600

2 6889848466504587600 317715730986644235

1 18214884043445100120 1367063293891423792

1 18214884043445100120 5801616097053640164

1 18214884043445100120 6447986821163400200

1 18214884043445100120 7391518044456453611

2 5801616097053640164 18214884043445100120

2 18214884043445100120 5801616097053640164

1 12162706473628082345 1367063293891423792

1 12162706473628082345 6447986821163400200

1 12162706473628082345 8783141968659457935

1 9760263785238051198 1367063293891423792

1 9760263785238051198 12880188794051688912

1 12880188794051688912 1367063293891423792

1 11128479867315299116 1367063293891423792

1 13168408979341458703 1367063293891423792

1 13168408979341458703 6447986821163400200

1 15859015929296711467 1367063293891423792

1 15859015929296711467 6447986821163400200

1 15859015929296711467 13168408979341458703

2 13168408979341458703 15859015929296711467

2 15859015929296711467 13168408979341458703

1 6704594232990813317 1367063293891423792

1 11990975663700365629 1367063293891423792

1 11990975663700365629 6704594232990813317

1 13045601853132454387 1367063293891423792

1 13045601853132454387 6447986821163400200

1 13099514776101522676 1367063293891423792

1 13099514776101522676 6447986821163400200

1 1065007739358376992 1367063293891423792

1 1065007739358376992 6447986821163400200

1 1065007739358376992 13168408979341458703

1 4885322375354105585 1367063293891423792

1 4885322375354105585 6447986821163400200

1 4885322375354105585 13168408979341458703

2 4885322375354105585 13168408979341458703

2 13168408979341458703 4885322375354105585

1 7287739565423084935 1367063293891423792

1 7287739565423084935 6704594232990813317

1 17330889596188576771 1367063293891423792

1 17330889596188576771 6447986821163400200

1 16666752143645092321 1367063293891423792

1 16666752143645092321 6447986821163400200

1 11467290452145138332 1367063293891423792

1 11467290452145138332 15012778885714128839

1 15012778885714128839 1367063293891423792

1 6772254385529666045 1367063293891423792

1 6772254385529666045 17507275086497369107

1 11696160277614248327 1367063293891423792

1 12149583509787606983 1367063293891423792

1 15428571782018558029 1367063293891423792

1 15511331042788681398 1367063293891423792

1 16933584747684759670 1367063293891423792

1 2160950958291675522 1367063293891423792

1 2160950958291675522 2231036007178802962

1 2160950958291675522 6447986821163400200

1 6163080168136438221 1367063293891423792

1 10391337695206036924 1367063293891423792

1 10391337695206036924 6163080168136438221

1 10391337695206036924 11395854854223059291

1 11395854854223059291 1367063293891423792

1 11395854854223059291 6163080168136438221

1 10253810027014252920 1367063293891423792

1 10253810027014252920 15012778885714128839

1 4133734582738000637 1367063293891423792

1 4133734582738000637 12494626626160630977

1 12494626626160630977 1367063293891423792

1 16431127362261285340 1367063293891423792

1 16431127362261285340 1467575103695954060

1 16431127362261285340 6447986821163400200

2 1467575103695954060 16431127362261285340

2 16431127362261285340 1467575103695954060

1 4216360713041003182 1367063293891423792

1 2353013032710698046 1367063293891423792

1 2353013032710698046 12494626626160630977

1 972659183966505604 1367063293891423792

1 4385722433395757739 972659183966505604

1 4385722433395757739 1367063293891423792

1 3140451165110456282 972659183966505604

1 3140451165110456282 1367063293891423792

1 11029242283031723971 972659183966505604

1 11029242283031723971 1367063293891423792

1 14371902043578053573 972659183966505604

1 14371902043578053573 1367063293891423792

1 14371902043578053573 11029242283031723971

1 11113884957412093132 972659183966505604

1 11113884957412093132 1367063293891423792

1 9447131989502789244 972659183966505604

1 9447131989502789244 1367063293891423792

1 8456821406806257259 972659183966505604

1 8456821406806257259 1367063293891423792

1 16887880659230103220 652674347890494380

1 16887880659230103220 1367063293891423792

2 652674347890494380 16887880659230103220

2 16887880659230103220 652674347890494380

1 3265881688212696743 1367063293891423792

1 3265881688212696743 15554052598561052952

1 15554052598561052952 1367063293891423792

1 13696217296604604140 1367063293891423792

1 3197407001497162480 1367063293891423792

1 3197407001497162480 5007142531454595633

1 5007142531454595633 1367063293891423792

1 17795891891505543926 1367063293891423792

2 3197407001497162480 5007142531454595633

2 5007142531454595633 3197407001497162480

1 4009285991615809082 1367063293891423792

1 13358781201313611044 1367063293891423792

1 3769691648630143091 1367063293891423792

1 10982240923818881644 1367063293891423792

1 10982240923818881644 15554052598561052952

1 9927551182702393169 1367063293891423792

1 9927551182702393169 15554052598561052952

1 10995498925506257224 787075835677237181

1 10995498925506257224 1367063293891423792

1 4980747270225753440 1367063293891423792

1 15358133874614192281 1367063293891423792

1 15358133874614192281 4980747270225753440

1 18257874481309398215 1367063293891423792

1 18257874481309398215 1467575103695954060

1 18257874481309398215 6447986821163400200

1 18257874481309398215 16431127362261285340

1 8484477333166902669 1367063293891423792

1 8187426569360314044 1367063293891423792

1 8187426569360314044 6447986821163400200

1 7973541485511859428 1367063293891423792

1 4211068969959135952 1367063293891423792

1 4211068969959135952 15554052598561052952

1 660137508841713914 1367063293891423792

1 660137508841713914 15554052598561052952

1 17512711080157575003 1367063293891423792

1 17512711080157575003 15554052598561052952

1 1287028054930606079 1367063293891423792

1 1287028054930606079 15554052598561052952

1 15415277993519355006 1367063293891423792

1 15415277993519355006 15554052598561052952

1 14756106439571245837 1367063293891423792

1 14756106439571245837 15554052598561052952

1 4400846337901811391 1367063293891423792

1 7455479554874385565 1367063293891423792

1 7455479554874385565 4400846337901811391

2 4400846337901811391 7455479554874385565

2 7455479554874385565 4400846337901811391

1 11131514983013707046 1367063293891423792

1 11131514983013707046 4400846337901811391

2 4400846337901811391 11131514983013707046

2 11131514983013707046 4400846337901811391

1 11139424280461656076 1367063293891423792

1 11139424280461656076 4400846337901811391

2 4400846337901811391 11139424280461656076

2 11139424280461656076 4400846337901811391

1 8695172496920656317 1367063293891423792

1 8695172496920656317 4400846337901811391

2 4400846337901811391 8695172496920656317

2 8695172496920656317 4400846337901811391

1 6251123381364213674 1367063293891423792

1 6251123381364213674 4400846337901811391

1 1376242963300305325 1367063293891423792

1 1376242963300305325 4400846337901811391

1 5320903476916034309 1367063293891423792

1 5320903476916034309 4400846337901811391

1 18252842450921249829 1367063293891423792

1 18252842450921249829 4400846337901811391

1 18252842450921249829 5320903476916034309

2 5320903476916034309 18252842450921249829

2 18252842450921249829 5320903476916034309

1 5963691790889174182 1367063293891423792

1 5963691790889174182 4400846337901811391

1 5963691790889174182 5320903476916034309

2 5320903476916034309 5963691790889174182

2 5963691790889174182 5320903476916034309

1 12914475642005980462 1367063293891423792

1 12914475642005980462 4400846337901811391

1 12914475642005980462 5320903476916034309

2 5320903476916034309 12914475642005980462

2 12914475642005980462 5320903476916034309

1 11202265515250901926 1367063293891423792

1 11202265515250901926 4400846337901811391

1 11202265515250901926 5320903476916034309

2 5320903476916034309 11202265515250901926

2 11202265515250901926 5320903476916034309

1 1065306809199519822 1367063293891423792

1 3704468681940964217 1367063293891423792

1 17821054482429955383 1367063293891423792

1 17821054482429955383 6163080168136438221

1 17821054482429955383 6447986821163400200

1 2911279781634852931 652305848521489587

1 2911279781634852931 1367063293891423792

1 2911279781634852931 3553015908910856773

1 2911279781634852931 5759321374862225799

1 2911279781634852931 8617490876989075407

1 2911279781634852931 10194095792036233446

1 2911279781634852931 14879717825222611287

1 10194095792036233446 652305848521489587

1 10194095792036233446 1367063293891423792

1 10194095792036233446 3553015908910856773

1 10194095792036233446 5759321374862225799

1 10194095792036233446 8617490876989075407

1 10194095792036233446 14879717825222611287

1 2916057874692085217 1367063293891423792

1 2916057874692085217 5485104841466607239

1 5846275594818915511 1367063293891423792

1 5846275594818915511 6447986821163400200

1 17586700992667407697 1367063293891423792

1 17586700992667407697 6447986821163400200

1 15617713191981031072 1367063293891423792

1 1013007526572788647 1367063293891423792

1 9914992949528178839 652674347890494380

1 9914992949528178839 1367063293891423792

2 652674347890494380 9914992949528178839

2 9914992949528178839 652674347890494380

1 12513715650404027502 652674347890494380

1 12513715650404027502 1367063293891423792

2 652674347890494380 12513715650404027502

2 12513715650404027502 652674347890494380

1 15821646850047536353 1367063293891423792

1 15821646850047536353 6447986821163400200

1 15821646850047536353 8187426569360314044

1 1863434040290303884 652674347890494380

1 1863434040290303884 1367063293891423792

2 652674347890494380 1863434040290303884

2 1863434040290303884 652674347890494380

1 10172007517689793401 1367063293891423792

1 10172007517689793401 14198744535275308727

1 14198744535275308727 1367063293891423792

1 138064862915680289 1367063293891423792

1 138064862915680289 14198744535275308727

1 5498605893582430595 1367063293891423792

1 5498605893582430595 14198744535275308727

1 11329668957645570056 1367063293891423792

1 11329668957645570056 14198744535275308727

1 2350063117804796288 652674347890494380

1 2350063117804796288 1367063293891423792

2 652674347890494380 2350063117804796288

2 2350063117804796288 652674347890494380

1 15321885588913362042 1367063293891423792

1 15321885588913362042 6447986821163400200

1 13324614181379279675 1367063293891423792

1 13324614181379279675 14842752240568497960

1 1508064882900501362 652305848521489587

1 1508064882900501362 1367063293891423792

1 1508064882900501362 3553015908910856773

1 1508064882900501362 8617490876989075407

1 1508064882900501362 14879717825222611287

1 1508064882900501362 16613254722912776961

1 2488710663074067410 1367063293891423792

1 2488710663074067410 5485104841466607239

1 9754235972878500848 1367063293891423792

1 15815363915899902841 1367063293891423792

1 16374860132953200765 1367063293891423792

1 12085567052839863031 1367063293891423792

1 12085567052839863031 6163080168136438221

1 7967042631776928406 1367063293891423792

1 7967042631776928406 6163080168136438221

1 12429130499950978890 1367063293891423792

1 12429130499950978890 6163080168136438221

1 15828487423278949730 1367063293891423792

1 15828487423278949730 6163080168136438221

1 7602186418221735217 1367063293891423792

1 7602186418221735217 6163080168136438221

1 1160697248911684098 1367063293891423792

1 2722889367335712464 1367063293891423792

1 2722889367335712464 6163080168136438221

1 2722889367335712464 11395854854223059291

1 11301856438147917866 1367063293891423792

1 11301856438147917866 6163080168136438221

1 17761042390188200737 1367063293891423792

1 17761042390188200737 6163080168136438221

1 4964973251811379920 1367063293891423792

1 4964973251811379920 6163080168136438221

1 17384293212041252867 1367063293891423792

1 17384293212041252867 6163080168136438221

1 16062625330752994630 1367063293891423792

1 16062625330752994630 6163080168136438221

1 13486158901649161462 1367063293891423792

1 13486158901649161462 6163080168136438221

1 13555678021274399687 1367063293891423792

1 13555678021274399687 6163080168136438221

1 3654566664913293673 1367063293891423792

1 3654566664913293673 6447986821163400200

1 15255818438968158434 1367063293891423792

1 15255818438968158434 6447986821163400200

1 7416348793668007435 1367063293891423792

1 7416348793668007435 6447986821163400200

1 8560969574999233751 652674347890494380

1 8560969574999233751 1367063293891423792

2 652674347890494380 8560969574999233751

2 8560969574999233751 652674347890494380

1 5563560805624907048 17004841799113559399

1 5563560805624907048 18343852510182768576

1 10133705207911607749 18343852510182768576

1 17004841799113559399 18343852510182768576

2 5563560805624907048 17004841799113559399

2 5563560805624907048 18343852510182768576

2 10133705207911607749 18343852510182768576

2 17004841799113559399 5563560805624907048

2 17004841799113559399 18343852510182768576

2 18343852510182768576 5563560805624907048

2 18343852510182768576 10133705207911607749

2 18343852510182768576 17004841799113559399

1 4093054347976404920 18343852510182768576

2 4093054347976404920 18343852510182768576

2 18343852510182768576 4093054347976404920

1 16095370386825421710 18343852510182768576

2 16095370386825421710 18343852510182768576

2 18343852510182768576 16095370386825421710

1 18366913315675068428 15100280697627056223

1 3377583566863586549 18343852510182768576

2 3377583566863586549 18343852510182768576

2 18343852510182768576 3377583566863586549

1 4316633136378754812 15636589624873863941

1 4316633136378754812 17030315735499045190

1 15636589624873863941 17030315735499045190

1 11900295348188578364 15636589624873863941

1 11900295348188578364 17030315735499045190

1 11900295348188578364 17626877808632239663

1 17626877808632239663 15636589624873863941

1 17626877808632239663 17030315735499045190

1 5669757728669412596 15636589624873863941

1 5669757728669412596 17030315735499045190

1 5669757728669412596 17626877808632239663

1 7765724609100318624 15636589624873863941

1 7765724609100318624 17030315735499045190

2 7765724609100318624 15636589624873863941

2 15636589624873863941 7765724609100318624

1 1863266757121094532 12203332074430950963

1 1863266757121094532 15636589624873863941

1 1863266757121094532 17030315735499045190

1 12203332074430950963 15636589624873863941

1 12203332074430950963 17030315735499045190

2 12203332074430950963 15636589624873863941

2 15636589624873863941 12203332074430950963

1 1442196116291078715 14092905948647416301

1 1442196116291078715 15636589624873863941

1 1442196116291078715 17030315735499045190

1 7224408897620962140 14092905948647416301

1 7224408897620962140 15636589624873863941

1 7224408897620962140 17030315735499045190

1 8911275595328325063 14092905948647416301

1 8911275595328325063 15636589624873863941

1 8911275595328325063 17030315735499045190

1 10241277449583289454 14092905948647416301

1 10241277449583289454 15636589624873863941

1 10241277449583289454 17030315735499045190

1 12217893854580719043 12203332074430950963

1 12217893854580719043 15636589624873863941

1 12217893854580719043 17030315735499045190

1 14092905948647416301 15636589624873863941

1 14092905948647416301 17030315735499045190

1 14639815881140830491 14092905948647416301

1 14639815881140830491 15636589624873863941

1 14639815881140830491 17030315735499045190

1 16849361319292906504 15636589624873863941

1 16849361319292906504 17030315735499045190

1 1208021695636166222 11900295348188578364

1 1208021695636166222 15636589624873863941

1 1208021695636166222 17030315735499045190

1 1208021695636166222 17626877808632239663

1 12302938834403334810 15636589624873863941

1 12302938834403334810 17030315735499045190

1 5763045559084666912 5720233532506386146

1 6433953816498421877 8522925269376359190

2 6433953816498421877 8522925269376359190

2 8522925269376359190 6433953816498421877

1 486227467582841042 971374425075751875

1 486227467582841042 7656280502372784157

1 7656280502372784157 971374425075751875

1 10992140895797770228 16812553278328452544

1 3780744589967676330 12030937490706296294

2 3780744589967676330 12030937490706296294

2 12030937490706296294 3780744589967676330

1 13374037292000000438 3513623241880609621

1 470939066336796908 971374425075751875

1 470939066336796908 7656280502372784157

2 470939066336796908 7656280502372784157

2 7656280502372784157 470939066336796908

1 1619120947356143731 971374425075751875

1 1619120947356143731 7656280502372784157

1 3981110626518979079 5720233532506386146

1 15324144029614608210 1354902492245310018

1 2280090507956404962 18343852510182768576

1 8487025294179449592 2280090507956404962

1 8487025294179449592 18343852510182768576

1 11081328925154690957 3377583566863586549

1 11081328925154690957 18343852510182768576

2 2280090507956404962 18343852510182768576

2 18343852510182768576 2280090507956404962

1 8888516125046617063 971374425075751875

1 8888516125046617063 7656280502372784157

1 677802283935773907 15636589624873863941

1 677802283935773907 17030315735499045190

1 11193635380613995591 5220559997523543669

1 6438289355337846471 5220559997523543669

1 1384407009155995943 971374425075751875

1 1384407009155995943 7656280502372784157

1 1384407009155995943 15336746009952966633

1 15336746009952966633 971374425075751875

1 15336746009952966633 7656280502372784157

1 1580499298661034500 971374425075751875

1 1580499298661034500 7656280502372784157

1 4328977298496062713 971374425075751875

1 4328977298496062713 7656280502372784157

1 9739252706443918983 971374425075751875

1 9739252706443918983 4328977298496062713

1 9739252706443918983 7656280502372784157

1 4905031484358120567 971374425075751875

1 4905031484358120567 4328977298496062713

1 4905031484358120567 7656280502372784157

1 7626715178174335199 971374425075751875

1 7626715178174335199 4328977298496062713

1 7626715178174335199 7656280502372784157

1 868070387802612211 971374425075751875

1 868070387802612211 7656280502372784157

1 7921634819291395012 971374425075751875

1 7921634819291395012 7656280502372784157

1 15165793562382263658 971374425075751875

1 15165793562382263658 7656280502372784157

1 4510942049023663928 971374425075751875

1 4510942049023663928 7656280502372784157

1 11791208244773148790 15636589624873863941

1 11791208244773148790 17030315735499045190

1 11791208244773148790 17626877808632239663

1 3245592992647273169 16095370386825421710

1 3245592992647273169 18343852510182768576

1 5992048731737008010 3245592992647273169

1 5992048731737008010 16095370386825421710

1 5992048731737008010 18343852510182768576

1 8311225267203633154 13136786225464229528

1 8311225267203633154 17004841799113559399

1 8311225267203633154 18343852510182768576

1 13136786225464229528 17004841799113559399

1 13136786225464229528 18343852510182768576

2 13136786225464229528 17004841799113559399

2 13136786225464229528 18343852510182768576

2 17004841799113559399 13136786225464229528

2 18343852510182768576 13136786225464229528

1 1912561910113756605 5312696229937718111

1 1912561910113756605 10133705207911607749

1 1912561910113756605 12187952999502053849

1 1912561910113756605 18343852510182768576

1 5312696229937718111 10133705207911607749

1 5312696229937718111 18343852510182768576

1 1052028647240538811 1912561910113756605

1 1052028647240538811 5312696229937718111

1 1052028647240538811 10133705207911607749

1 1052028647240538811 12187952999502053849

1 1052028647240538811 18343852510182768576

1 10724212123577211024 5312696229937718111

1 10724212123577211024 10133705207911607749

1 10724212123577211024 18343852510182768576

2 5312696229937718111 10724212123577211024

2 10724212123577211024 5312696229937718111

1 8238229379168355353 5312696229937718111

1 8238229379168355353 10133705207911607749

1 8238229379168355353 10724212123577211024

1 8238229379168355353 18343852510182768576

1 10468959430601499276 14138740746057185638

1 10468959430601499276 18343852510182768576

1 14138740746057185638 18343852510182768576

2 14138740746057185638 18343852510182768576

2 18343852510182768576 14138740746057185638

1 13790350426012515447 5563560805624907048

1 13790350426012515447 17004841799113559399

1 13790350426012515447 18343852510182768576

1 943317180154735478 5563560805624907048

1 943317180154735478 13790350426012515447

1 943317180154735478 17004841799113559399

1 943317180154735478 18343852510182768576

2 943317180154735478 13790350426012515447

2 13790350426012515447 943317180154735478

1 12897316925088878487 16095370386825421710

1 12897316925088878487 18343852510182768576

1 4240036561377914705 4285979787853244671

1 4240036561377914705 10133705207911607749

1 4240036561377914705 18343852510182768576

1 3443011222111466804 5563560805624907048

1 3443011222111466804 17004841799113559399

1 3443011222111466804 18343852510182768576

1 4519664072773920437 18343852510182768576

1 5266007584768800584 12620981531281578859

1 5266007584768800584 18343852510182768576

1 6488789745614448396 13136786225464229528

1 6488789745614448396 17004841799113559399

1 6488789745614448396 18343852510182768576

1 7591566979342759596 5563560805624907048

1 7591566979342759596 17004841799113559399

1 7591566979342759596 18343852510182768576

1 8865829262865395175 4519664072773920437

1 8865829262865395175 18343852510182768576

1 11955760374721223789 4093054347976404920

1 11955760374721223789 18343852510182768576

1 12047598979728233560 3443011222111466804

1 12047598979728233560 5563560805624907048

1 12047598979728233560 17004841799113559399

1 12047598979728233560 18343852510182768576

1 12620981531281578859 18343852510182768576

1 13380047389731025193 14138740746057185638

1 13380047389731025193 18343852510182768576

1 16696308472341302797 17402102277496945054

1 16696308472341302797 18343852510182768576

1 17402102277496945054 18343852510182768576

2 3443011222111466804 5563560805624907048

2 3443011222111466804 17004841799113559399

2 3443011222111466804 18343852510182768576

2 4519664072773920437 18343852510182768576

2 5563560805624907048 3443011222111466804

2 12620981531281578859 18343852510182768576

2 17004841799113559399 3443011222111466804

2 17402102277496945054 18343852510182768576

2 18343852510182768576 3443011222111466804

2 18343852510182768576 4519664072773920437

2 18343852510182768576 12620981531281578859

2 18343852510182768576 17402102277496945054

